2000
1
0
100
1000
1
-100
0
4000
1
0
-300
1000
3
100
0
2000
2
0
-100
1000
4
402
0
2000
2
0
101
1000
3
-100
0
4000
1
0
100
1000
1
100
0
2000
1
0
-100
2000
0
0
102
1000
2
-102
0
4000
0
0
299
-1000
-1
302
0
4000
0
0
-300
1000
2
103
0
2000
0
0
-303
1000
2
-101
0
4000
0
0
300
1000
0
102
0
2000
0
0
-101
-1000
-1
-303
0
2000
1
0
102
1000
1
-100
0
4000
1
0
-102
1000
3
102
0
2000
2
0
-101
4000
0
0
-99
1000
4
-403
0
2000
2
0
100
1000
3
-101
0
4000
1
0
302
1000
1
101
0
2000
1
0
-104
4000
0
0
99
-1000
-1
402
0
0
0
